1758
1759
1760
1761
1762
1763
1764
1765
1752
1753
1754
1755
1771
1772
1773
1774
8083
8084
8085
8086
8087
1726
1727
1728
1729
1730
1731
1732
1733
1734
1735
1736



1737
1738
1739
1740
1741
1742
1743
1744
1745
1746
1747
1748
1749
1750
1751
8088
8089
8090
8066
8067
8068
1672
1673
1674
1675
1676
1677
1678
1679
1680
1620
1621
1622
1623
1624
1625
1626
1627
1628
1629
1630
1631
1632
1633
1634
1635
1636
1637
1638
1639
1640
1641
1642
1643
1644
1645
8069
8070
8071
8072
1698
1699
1700
1701
1702
1703
1704
1705
1706
1646
1647
1648
1649
1650
1651
1652
1653
1654
1655
1656
1657
1658
1659
1660
1661
1662
1663
1664
1665
1666
1667
1668
1669
1670
1671
8073
8074
8075
8076
8091
8092
8093
8094
8267
8268
8269
8270
8271
8272
8273
8274
8275
8095
8096
8097
8251
8252
8253
8254
8255
8256
8257
8258
8077
8078
8079
8080
8081
8082
1766
1767
1768
1769
1770
1752
1753
1756
1757
1758
1759
1760
1761
1762
1763
1764
1765
1752
1753
1756
1757
1758
1759
1760
1761
1762
1763
1764
1765
1752
1753
1756
1757
1758
1759
1760
1761
1762
1763
1764
1765
1752
1753
1756
1757
1758
1759
1760
1761
1762
1763
1764
1765
1752
1753
1756
1757
1758
1759
1760
1761
1762
1763
1764
1765
1752
1753
1756
1757
1758
1759
1760
1761
1762
1763
1764
1765
1752
1753
1756
1757
1758
1759
1760
1761
1762
1763
1764
1765
1752
1753
1756
1757
1758
1759
1760
1761
1762
1763
1764
1765
1752
1753
1756
1757
1758
1759
1760
1761
1762
1763
1764
1765
1752
1753
1756
1757
1758
1759
1760
1761
1762
1763
1764
1765
1752
1753
1754
1755
1771
1772
1773
1774
8083
8084
8085
8086
8087
1726
1727
1728
1729
1730
1731
1732
1733
1734
1735
1736
