8152
8153
8154
8155
1759
1760
1761
1762
1763
1764
1765
1766
1767
1768
8156
8157
8158
8159
8160
8161
8162
8163
8164
2159
2160
2161
8165
8166
8167
8168
1559
1560
8169
8170
8171
8172
8173
1559
1560
8174
8175
8176
8177
8178
8179
1759
1760
1761
1762
1763
1764
1765
1766
1767
1768
8180
8181
8182
8183
8184
8185
8186
2159
2160
2161
8187
8188
8189
1559
1560
8190
8191
8192
8193
8194
1759
1760
1761
1762
1763
1764
1765
1766
1767
1768
8262
8263
8264
8265
8266
8267
8268
8269
1751
1752
1753
1757
1758
8270
8271
8272
8273
8274
8275
8220
8221
8222
8276
8277
8292
8293
8294
8295
8296
8297
8298
8299
1751
1752
1753
1754
1755
1756
8300
8301
8302
8303
8304
8305
8306
8278
8279
8280
8307
8308
8416
8417
8392
8393
8394
8395
8396
8397
8398
8399
8400
8401
8402
8375
8376
8377
8378
8379
8380
8381
8382
8383
4826
4827
4828
4829
4830
4831
4832
4772
4773
4774
4775
4776
4777
4778
4779
4780
4781
2162
2163
2164
4782
4783
4784
4785
4786
2159
2160
2161
4787
4788
4789
4790
4791
2040
2041
2042
4792
4793
4802
4803
4812
4813
4814
4560
4561
4562
4563
4564
4565
4566
1515
1516
1517
1518
1519
1520
1521
1522
1490
1492
1493
1494
1495
1490
1492
1493
1494
1495
1490
1492
1493
1494
1495
1490
1492
1493
1494
1495
1490
1492
1493
1494
1495
1490
1491
1523
1524
1525
1526
4567
4568
4569
4570
4571
4572
4573
4574
4575
4576
4577
4578
4579
4580
4581
4582
3267
3268
3269
3270
3271
3272
1561
1562
3273
3274
3275
3276
2052
2053
2054
2055








